Треугольник серпинского(2д)
1
3
0
0
0
0.5
0
0.5
0
0.5
0
0.25
0.433012701892219
0.5

Ковер серпинского(2д)
1
8
0 0 0 0.33333333333
0 0.333333333333 0 0.33333333333
0 0.666666666666 0 0.33333333333
0 0 0.33333333333 0.33333333333
0 0 0.66666666666 0.33333333333
0 0.333333333333 0.66666666666 0.33333333333
0 0.66666666666 0.33333333333 0.33333333333
0 0.66666666666 0.66666666666 0.33333333333

Снежинка(2д)
1
6
0 0.333333333333 0 0.33333333333
0 0.666666666666 0 0.33333333333
0 0 0.33333333333 0.33333333333
0 0 0.66666666666 0.33333333333
0 0.333333333333 0.66666666666 0.33333333333
0 0.66666666666 0.33333333333 0.33333333333




Странная хрень(2д)
2
3
1
0
0
0.5
1
0.5
0
0.5
1
0.25
0.433012701892219
0.5
8
0 0 0 0.33333333333
0 0.333333333333 0 0.33333333333
0 0.666666666666 0 0.33333333333
0 0 0.33333333333 0.33333333333
0 0 0.66666666666 0.33333333333
0 0.333333333333 0.66666666666 0.33333333333
0 0.66666666666 0.33333333333 0.33333333333
0 0.66666666666 0.66666666666 0.33333333333




Тэтраэдр серпинского(3д)
1
4
0
0
0
0
0.5
0
0.5
0
0
0.5
0
0.25
0
0.433012701892219
0.5
0
0.25
0.4506939094329
0.21650635094611
0.5

Губка менгера(3д)
1
20
0
0
0
0
0.333333333333333
0
0.333333333333333
0
0
0.333333333333333
0
0.666666666666666
0
0
0.333333333333333
0
0
0
0.333333333333333
0.333333333333333
0
0
0
0.666666666666666
0.333333333333333
0
0.333333333333333
0
0.666666666666666
0.333333333333333
0
0.666666666666666
0
0.333333333333333
0.333333333333333
0
0.666666666666666
0
0.666666666666666
0.333333333333333
0
0
0.666666666666666
0
0.333333333333333
0
0.333333333333333
0.666666666666666
0
0.333333333333333
0
0.666666666666666
0.666666666666666
0
0.333333333333333
0
0
0.666666666666666
0.333333333333333
0.333333333333333
0
0
0.666666666666666
0.666666666666666
0.333333333333333
0
0.333333333333333
0.666666666666666
0.666666666666666
0.333333333333333
0
0.666666666666666
0.666666666666666
0.333333333333333
0.333333333333333
0
0.666666666666666
0.666666666666666
0.666666666666666
0.333333333333333
0
0
0.333333333333333
0
0.333333333333333
0
0.666666666666666
0.333333333333333
0
0.333333333333333
0
0
0.333333333333333
0.666666666666666
0.333333333333333
0
0.666666666666666
0.333333333333333
0.666666666666666
0.333333333333333